# Created by Octave 3.6.2, Thu Feb 13 18:55:40 2014 Pacific Standard Time <unknown@LMC-034518>
# name: TArray
# type: matrix
# rows: 1
# columns: 191
 0.5 0.2 1.5 1 1 10 1 2 3 4 5 6 7 8 9 10 1 2 3 4 5 6 7 8 9 10 1 2 3 4 5 6 7 8 9 10 0.1 0.2 0.3 0.4 0.5 0.6 0.7000000000000001 0.8 0.9 0.1 0.2 0.3 0.4 0.5 0.6 0.7000000000000001 0.8 0.9 1 1.1 1.2 1.3 1.4 1.5 1.6 1.7 1.8 1.9 2 2.1 2.2 2.3 2.4 2.5 2.6 2.7 2.8 2.9 3 3.1 3.2 3.3 3.4 3.5 3.6 3.7 3.8 3.9 4 4.1 4.2 4.300000000000001 4.4 4.5 4.6 4.7 4.800000000000001 4.9 5 5.100000000000001 5.2 5.3 5.4 5.5 5.600000000000001 5.7 5.800000000000001 5.9 6 6.100000000000001 6.2 6.300000000000001 6.4 6.5 6.600000000000001 6.7 6.800000000000001 6.9 7 7.100000000000001 7.2 7.300000000000001 7.4 7.5 7.600000000000001 7.7 7.800000000000001 7.9 8 8.100000000000001 8.199999999999999 8.300000000000001 8.4 8.5 8.600000000000001 8.699999999999999 8.800000000000001 8.9 9 9.1 9.200000000000001 9.300000000000001 9.4 9.5 9.6 9.700000000000001 9.800000000000001 9.9 10 0.1 0.12 0.14 0.16 0.18 0.2 0.22 0.24 0.26 0.28 0.3 0.32 0.34 0.36 0.38 0.4 0.42 0.4400000000000001 0.46 0.48 0.5 0.52 0.54 0.5600000000000001 0.58 0.6 0.62 0.64 0.66 0.6799999999999999 0.7 0.72 0.74 0.76 0.78 0.8 0.82 0.84 0.86 0.88 0.9 0.92 0.94 0.96 0.98 1


# name: AlphaArray
# type: complex matrix
# rows: 1
# columns: 191
 (19.53850124588823,0) (19.99947133780571,0) (12.29573891952581,362.9455413738861) (15.96622569947212,334.4890901237761) (15.96622569947212,334.4890901237761) (4.144491563937635,645.5944842902641) (15.96622569947212,334.4890901237761) (9.674380667762264,374.0790817903913) (6.54823962467106,381.4030785763209) (4.892026432127059,388.7462178288143) (3.970389273642077,402.520463093674) (3.471730120932975,424.5402118573531) (3.255484470840997,456.0872541463206) (3.269906299885633,499.4777826842529) (3.53019762102167,559.4035723727836) (4.144491563937635,645.5944842902641) (15.96622552408686,334.4890713810673) (9.674381027126518,374.0790582755552) (6.548239562298973,381.4030536831412) (4.892027478278935,388.7461557177342) (3.97038909786041,402.5204110217292) (3.471729513329745,424.540195429827) (3.255484009260333,456.0872075149758) (3.269906218890918,499.4777420509295) (3.530197867236205,559.403551345839) (4.144491635340767,645.5944365152208) (15.96622569947212,334.4890901237761) (9.674380667762264,374.0790817903913) (6.54823962467106,381.4030785763209) (4.892026432127059,388.7462178288143) (3.970389273642077,402.520463093674) (3.471730120932975,424.5402118573531) (3.255484470840997,456.0872541463206) (3.269906299885633,499.4777826842529) (3.53019762102167,559.4035723727836) (4.144491563937635,645.5944842902641) (19.99999999346496,0) (19.99947133780571,0) (19.97712285681333,0) (19.84988174028064,0) (19.53850124588823,0) (19.0316059441865,19849.24887987119) (18.36857864687804,-1633072.551107929) (17.60488618865335,16312.27371364315) (16.79123464832696,-185.4154288197423) (19.99999999262355,0) (19.99943829134706,0) (19.97617783930998,0) (19.84525764270842,0) (19.5272180184475,0) (19.01209911141667,651.2580085260329) (18.34081604167954,227.8961745986791) (17.56980757326812,255.2459777788541) (16.75018651603856,273.7373593581843) (15.9205945917558,288.6551179184482) (15.10715647431537,300.9854899847801) (14.32595709974141,311.2049555910162) (13.58585488028731,319.7054602913399) (12.89084192009002,326.8125390752525) (12.24179585073083,332.7905786552113) (11.63769795203035,337.8526077178724) (11.07644626692766,342.169837719315) (10.55538229571952,345.8800285794306) (10.07162304383063,349.0944864033198) (9.622264065578502,351.9037180492123) (9.204498523874708,354.3819234026052) (8.815682400523903,356.590511040341) (8.453365728513935,358.5808249791404) (8.115302818727123,360.3962461100293) (7.799449882560929,362.0738032618006) (7.503955448244575,363.6454056034355) (7.227147004136908,365.1387849253337) (6.967516021411791,366.5782178255375) (6.723702675787306,367.985082512566) (6.494481048694907,369.3782920615569) (6.278745241322697,370.7746361104479) (6.075496614093395,372.1890549248525) (5.883832225944627,373.6348635430226) (5.702934463723185,375.1239390301863) (5.532061803241548,376.6668801836202) (5.370540617607088,378.2731464096274) (5.217757937050085,379.9511805007638) (5.073155062159185,381.7085186174778) (4.936221935562361,383.5518897937039) (4.806492183280784,385.487306577291) (4.683538744693625,387.5201479503892) (4.56697001829763,389.6552353603115) (4.456426458622704,391.896902493133) (4.351577567417789,394.2490592918157) (4.252119229361869,396.7152506546393) (4.157771348996124,399.298710189768) (4.068275751306616,402.0024093937917) (3.983394313429336,404.8291025935911) (3.902907299355816,407.7813679868093) (3.826611873343636,410.8616451091244) (3.754320771045868,414.0722690434868) (3.685861110229372,417.4155016833898) (3.621073325412103,420.8935603446713) (3.559810212868779,424.5086440162302) (3.501936074278576,428.2629575196498) (3.447325948864079,432.1587338418831) (3.395864925229841,436.1982548835376) (3.347447525289699,440.3838708605239) (3.301977153695781,444.7180185753084) (3.259365607080565,449.2032387689865) (3.219532638207806,453.8421927477228) (3.182405570827497,458.6376784733464) (3.14791896164681,463.59264629243) (3.11601430638928,468.7102144754736) (3.086639787419793,473.9936847301713) (3.059750060878293,479.4465578464843) (3.03530608170042,485.0725496313494) (3.0132749653127,490.875607287139) (2.993629885185462,496.8599263892505) (2.976350005813405,503.0299686209692) (2.961420451078194,509.3904804260858) (2.948832308339515,515.9465127470045) (2.938582669006203,522.7034420247926) (2.930674706762467,529.6669926446855) (2.92511779508293,536.8432610270495) (2.921927666161438,544.2387415751606) (2.92112661392584,551.8603547117866) (2.922743744414405,559.7154772549999) (2.926815277474493,567.8119754093983) (2.933384904518171,576.158240675431) (2.942504207959191,584.7632290121959) (2.954233148980016,593.6365036239275) (2.968640631470443,602.7882817831028) (2.985805151370075,612.2294861485183) (3.005815542282485,621.9718010900106) (3.028771830157823,632.0277345897454) (3.054786212132666,642.410686358146) (3.083984177340953,653.1350228744624) (3.116505790777644,664.2161601453644) (3.152507165224384,675.6706550656789) (3.192162150984155,687.5163063607886) (3.235664278931033,699.7722661986697) (3.283228999387883,712.4591636658821) (3.335096267935165,725.5992414147539) (3.391533539818617,739.2165068931583) (3.452839247694774,753.3368996591074) (3.519346853703404,767.9884763409134) (3.591429587174456,783.2016148061849) (3.669506004830632,799.0092390120057) (3.754046542672018,815.4470657628127) (19.99999999262355,0) (19.99999968746439,0) (19.99999545878996,0) (19.99996619847607,0) (19.9998389289656,0) (19.99943829134706,0) (19.9984390576006,0) (19.99634161775802,0) (19.99247898703743,0) (19.9860514111753,0) (19.97617783930998,0) (19.96195266988135,0) (19.94249874036133,0) (19.91701109448846,0) (19.88478921447016,0) (19.84525764270842,0) (19.79797624184192,0) (19.74264195952125,0) (19.67908411219987,0) (19.60725507668155,0) (19.5272180184475,0) (19.43913298053643,0) (19.34324235705124,0) (19.23985650716613,0) (19.12934003920402,0) (19.01209911141667,651.2580085260329) (18.88856995334443,198.6445397065434) (18.75920870380441,195.8572922484651) (18.62448258282555,160.7377526316764) (18.48486235959483,189.0139525887506) (18.34081604167952,227.8961745986806) (18.19280368814708,242.513811912698) (18.04127323716738,240.6065272392046) (17.88665723437968,246.4625018226341) (17.72937034946978,253.0670700131478) (17.56980757326812,255.2459777788541) (17.40834299490379,259.6988582554882) (17.24532906712644,263.3755961619615) (17.08109627710448,266.9448940492385) (16.91595314929884,270.4411503232599) (16.75018651603856,273.7373593581843) (16.58406199995075,276.9430784880465) (16.41782466028209,280.0529315365211) (16.25169976231694,283.0248816785093) (16.08589363552369,285.8942343566808) (15.9205945917558,288.6551179184482)


