# Created by Octave 3.6.2, Wed Feb 12 12:20:31 2014 Pacific Standard Time <unknown@LMC-034518>
# name: TArray
# type: matrix
# rows: 1
# columns: 55
 1 0.5 0.8 1.1 1.4 1.7 2 2.3 2.6 2.9 3.2 3.5 3.8 4.1 4.4 4.7 5 5.3 5.6 5.9 6.2 6.5 6.8 7.1 7.4 7.699999999999999 8 8.300000000000001 8.6 8.9 9.199999999999999 9.5 9.799999999999999 1 1 1 1 1 1 0.5 0.6 0.7 0.8 0.9 1 1.1 3 3 3 3 3 3 3 3 3


# name: AlphaArray
# type: complex matrix
# rows: 1
# columns: 55
 (15.89875126852585,324.2875974063206) (19.51943524384188,0) (17.55021168666964,310.6542670010947) (15.08560637748652,327.7627344889277) (12.8732284753732,330.299110450474) (11.06439985498357,358.8243730954603) (9.615553663278668,356.0322944283773) (8.451139720873133,351.4976070840845) (7.505215153877956,347.17194417156) (6.727392038142273,343.0751341298106) (6.080456254860525,339.3815885686826) (5.536947129406894,336.1706212314964) (5.076352886093283,333.4533132574496) (4.683108989508022,331.2255659891916) (4.345214839656253,329.4749196566938) (4.053273332037025,328.176682226937) (3.799832771069694,327.3050978272229) (3.578915451599145,326.8327467599583) (3.385681775927932,326.7341106979677) (3.216179834111244,326.9849096976595) (3.067158423181739,327.5622997763061) (2.935925419257338,328.4454554423588) (2.82023359741702,329.6136673716355) (2.718206837910018,331.0505651595996) (2.628258007129489,332.7385523522364) (2.54904493189131,334.6620763936847) (2.479426142846414,336.8067390086908) (2.418423893619594,339.1584108536495) (2.365197838985785,341.7035486717734) (2.31902374651028,344.429390389133) (2.279270963991934,347.3228072271424) (2.245391159137355,350.3712229634089) (2.216903970999533,353.5620741956766) (15.8987513183474,347.7682594012607) (15.8987513183487,357.7512496838476) (15.89875131835228,361.4302105613145) (15.87586072939785,286.7753659040944) (15.87586072939785,286.7753659040944) (15.967380659937,290.7353872281504) (19.53862421065382,0) (19.03188179797289,0) (18.36905548630193,253.8747441275011) (17.60558904984478,240.9595465094872) (16.79216826784556,271.6569184428362) (15.967380659937,290.7353872281504) (15.15748565064003,294.0756868958897) (6.538273526676886,300.3542754261845) (6.535994449615322,297.3398778418589) (6.535994449615322,297.3398778418589) (6.535285324087801,296.148877637192) (6.535285324262556,296.4019176250209) (6.535953518731006,296.4309871640394) (6.535953518731006,296.4309871640394) (6.535285324262556,296.4019176250209) (6.528598965163988,296.111106225405)


