# Created by Octave 3.6.2, Thu Feb 13 18:40:16 2014 Pacific Standard Time <unknown@LMC-034518>
# name: TArray
# type: matrix
# rows: 1
# columns: 18
 0.1 0.6 1.1 1.6 2.1 2.6 3 3 3 3 3 3 3 3 3 3 3 0.5


# name: AlphaArray
# type: complex matrix
# rows: 1
# columns: 18
 (19.99999999262355,0) (19.01209911141667,651.2217931631252) (15.10715647343612,254.7761159334981) (11.63769707561192,277.7875764187415) (9.204468231876589,284.5638055087318) (7.503695167933439,285.9985370264868) (6.493612053304338,285.8286340532931) (6.494481048694907,369.3782920615569) (6.494481048694907,369.3782920615569) (6.494481048694907,369.3782920615569) (6.494481048694907,369.3782920615569) (-3.360726526149104,-3.360726526149103) (-3.36072655985461,-3.360726559854609) (6.54823962467106,381.4030785763209) (6.54823962467106,381.4030785763209) (6.54823962467106,381.4030785763209) (6.494481048694907,369.3782920615569) (19.5272180184475,0)


