# Created by Octave 3.6.2, Thu Feb 13 10:16:00 2014 Pacific Standard Time <unknown@LMC-034518>
# name: TArray
# type: matrix
# rows: 1
# columns: 62
 0.5 0.6 0.7 0.8 0.9 1 2 3 4 5 6 7 8 9 10 2 3 4 5 6 7 8 9 10 3 3 0.1 0.2 0.3 0.4 0.5 0.6 0.7000000000000001 0.8 0.9 1 1.1 1.2 1.3 1.4 1.5 1.6 1.7 1.8 1.9 2 2.1 2.2 2.3 2.4 2.5 2.6 2.7 2.8 2.9 3 0.1 0.6 1.1 1.6 2.1 2.6


# name: AlphaArray
# type: complex matrix
# rows: 1
# columns: 62
 (19.5383065109713,0) (19.03127609201682,0) (18.36811887578834,245.2939474703595) (17.60431753217432,2328.998048530481) (16.79058349247121,128.4898439397884) (15.96551740650515,285.0240852413784) (9.673352477881197,302.483494413255) (6.535285324262556,296.4019176250209) (4.829131707551924,291.2046945220051) (3.810152592415465,289.4612476616653) (3.165501792444343,291.0642663977714) (2.744099871878547,295.5303425045448) (2.465797102808158,302.392078561918) (2.285112994870749,311.2420168370592) (2.174737559584252,321.7024019964039) (9.676344025369494,306.9768476739718) (6.538273526676886,300.3542754261845) (4.831980115375315,294.8101915893182) (3.812915240039328,292.8463206357262) (3.168254189259609,294.3096466535993) (2.746900909874345,298.6893412744909) (2.46868687580053,305.5010602538102) (2.288118040766825,314.3261063120993) (2.177875655086248,324.7785218787608) (6.538273526676886,300.3542754261845) (6.533910307049089,297.4751378557115) (19.99999999262355,0) (19.99943829134707,0) (19.97617783930999,0) (19.84525764270842,0) (19.5272180184475,0) (19.01209911141667,0) (18.34081604167954,227.2842574785406) (17.56980757326842,240.359380095868) (16.75018651604477,250.0103464836183) (15.9205945918159,257.2104181935798) (15.10715647461579,262.4760067762551) (14.32595710034828,266.2259346384528) (13.58585487815887,268.7997879746403) (12.89084189645314,270.4659235256483) (12.24179573525938,271.4336698766718) (11.63769754396367,271.865169340296) (11.07644509049692,271.8856177272426) (10.55537936991093,271.5915960652143) (10.07161655422761,271.0576360608614) (9.622250936553218,270.3413014845965) (9.20447389982966,269.4870870981276) (8.815639052785906,268.5293989872367) (8.453293408534593,267.494832047151) (8.115187578321605,266.4039139272078) (7.799273378799988,265.2724450088904) (7.50369424554902,264.1125324790405) (7.226771880416979,262.9333922046863) (6.966991279834715,261.7419736580503) (6.722985459668205,260.5434493248472) (6.493520654430962,259.3415997629458) (19.99999999344813,0) (19.03095724847098,793.8565531582) (15.15324648210819,284.1386115814072) (11.686604256824,299.6118476683121) (9.249162177152536,301.5342866802262) (7.544605752051373,299.6750142607139)


